40 4 2
184	184	172	181	
0.0	1.0
128	132	123	280	
0.0	1.0
108	109	103	339	
0.0	1.0
111	113	107	330	
0.0	1.0
134	139	133	253	
0.0	1.0
134	138	133	248	
0.0	1.0
135	138	133	244	
0.0	1.0
122	125	118	284	
0.0	1.0
116	124	108	268	
0.0	1.0
152	153	142	276	
0.0	1.0
98	73	77	35	
1.0	0.0
75	69	60	80	
1.0	0.0
93	75	78	270	
1.0	0.0
95	83	83	26	
1.0	0.0
75	68	60	43	
1.0	0.0
97	92	75	55	
1.0	0.0
89	82	74	61	
1.0	0.0
123	92	104	109	
1.0	0.0
126	117	126	155	
1.0	0.0
71	61	58	14	
1.0	0.0
71	58	61	0	
1.0	0.0
79	66	65	0	
1.0	0.0
63	49	52	0	
1.0	0.0
77	60	63	0	
1.0	0.0
70	53	61	0	
1.0	0.0
71	55	61	0	
1.0	0.0
60	44	56	0	
1.0	0.0
70	56	57	0	
1.0	0.0
75	61	64	0	
1.0	0.0
65	52	54	0	
1.0	0.0
219	220	212	41	
0.0	1.0
220	219	212	30	
0.0	1.0
227	228	219	14	
0.0	1.0
231	233	221	8	
0.0	1.0
233	236	226	0	
0.0	1.0
230	231	221	5	
0.0	1.0
228	230	220	8	
0.0	1.0
229	232	221	10	
0.0	1.0
230	232	221	10	
0.0	1.0
227	229	216	28	
0.0	1.0
